
highway-length = 40
base-stations = 20
blocked-call-qos = 2
dropped-call-qos = 1
exp-mean = 147.352631313131
normal-m = 103.8755
normal-stdev = 16.89781437
exp-ia-mean = 1.84455837563452